4
3
2
2
2
1
21
4
2
3
111
2
2
1
1
10
1
7
383
5
2
3
4
36
2
6
138
10
7
8
37
3
4
1
4
38
2
5
41
4
5
10
2
1
1
10
2
9
3
1
3
2
12
3
2
6
7
1448
27
1
2
1
2
4
6
1
1911
1
2
2
3
10
1
5
4
9
2
52
1
4
20
7
2
5
20
11
14
4
4
6
5
1
10
1
7
83
6
2
5
3
5
2
3
7
3
2
136
4
1
6
1
12
53
2
2
1
1
2
6
5
45
257
2
3
2
3
4
17
4
601
2
6
8
5
3
5
9
2
6
5
3
4
1
1
9
5
26
2
38
4
7
2
4
13
2
8
3
482
3
2
3
5
1
3
7
1
22
3
58
3
8
2
8
45
18
5
71
3
4
6
6
2
1
7
2
1079
5
1
4
4
1290
793
1
404
1
2
7
52
1
27
2
1
5
78
4
9
6
9
11
7
1
3
57
1
1
5
3
4
22
4
4
3
2
514
2
2
1
124
1
7
6
3
5
6
2
2
8
2
8
2
1
6
25
28
1053
5
3
1
586
2
2
6
3
1
4
8
4
1
3
1
1
7
1
3
13
4
1
98
17
2
5
5
69
3
3
4
1
2
7
9
4
3
5
12
4
51
1
112
2
3
15
6
1
3
6
209
3
7
3
1
2
5
3
3
3
333
5
46
1
81
13
10
6
10
3
1
1
4
2
4
15
7
1
1
2
2
1
10
4
5
1
4
34
5
18
40
3
1
4
9
10
12
61
5
7
11
9
10
8
2
1
3
53
4
4
3
2
7
3
1
119
2
6
2
8
19
3
375
10
1
4
5
6
31
4
84
1
14
3
7
3
12
2
52
28
7
10
7
3
2
3
2
1
2
3
1
4
6
38
3
6
1
4
9
2
61
6
4
2
6
1
5
136
10
28
85
15
6
25
6
1
6
2
2
4
37
13
4
2
2
93
2
2
4
1
7
2
87
2
7
2
1
1
1
4
5
4
4
4
2
42
3
36
200
5
1
70
3
26
3
3
6
319
7
5
14
1
3
2
4
12
1
2
603
3
2
2
5
1190
5
8
1
4
1
1297
262
3
1
1
3
1
10
3
6
6
4
4
3
1
2
