2
1
3
3
2
3
2
4
1
2
2
5
5
2
4
124
1
3
7
5
4
1
18
3
3
4
23
1230
3
1
11
6
1
7
33
519
1
1
4
2
8
9
4
6
3
2
7
7
2
6
2
2
28
7
1
13
1
13
3
9
1
17
4
6
3
1
17
4
5
2
1
15
7
18
2
5
383
5
25
3
79
3
7
17
2
2
3
4
3
30
3
1
8
4
100
1032
8
2
33
3
17
3
5
9
3
6
1
7
4
1
3
2
9
4
4
2
185
1
2
6
2
6
3
7
7
19
1
4
2
3
1
2
10
3
1
1
2
2
1
4
4
96
2
12
7
4
2
2
5
20
13
37
606
2
8
1
29
4
4
8
4
2
1
6
2
2
5
219
1
1
6
5
37
5
2
1
22
16
30
123
25
3
6
9
2
5
4
1
103
38
1
1
8
6
1
6
3
2
3
162
6
15
3
3
4
4
14
21
3
11
1
4
1
3
13
2
4
1
4
22
1
4
8
3
239
5
3
40
17
2
5
2
59
63
6
2
3
18
7
5
1
22
16
3
2
2
4
248
8
1
2
2
2
2
42
6
1
13
3
17
1
6
3
2
40
5
1
79
3
355
1
1
5
2
7
9
1
3
4
217
4
3
14
3
2
2
2
4
2
5
17
1
5
277
2
40
77
1
2
1
2
5
20
68
12
12
15
2
5
8
2
6
3
3
1
2
22
6
1
6
2
1
1
4
9
4
1
1
3
78
16
6
12
1
1
39
2
3
821
17
7
5
5
1
4
1
1
335
9
3
61
1
1
3
2
5
5
8
2
5
2
5
10
1
6
3
1
6
108
2
5
1
5
2
4
4
4
1
27
3
2
1
65
1
2
1
6
2
214
3
3
8
4
1
3
1
5
14
37
4
5
3
2
1
2
5
2
1
3
1
4
2
5
2
11
2
17
15
4
29
3
38
4
6
10
2
7
5
8
6
3
26
6
55
4
3
8
1
18
3
2
5
2
2
4
3
3
69
2
6
9
5
2
259
6
4
1
3
2
3
2
2
2
3
1
1
5
744
20
3
3
5
5
2
2
2
7
6
2
1
1
9
18
4
30
3
1
8
3
7
1
4
21
4
17
1
26
10
569
3
