4
3
5
2625
1
2
41
9
5
2
2
1
1
16
5
4
3
2
7
1
4
27
6
1
1
8
6
36
1
7
3
5
2
1396
2
8
4
47
259
3
3
13
1
1
6
8
1
8
1
1
1
9
1
63
3
1
1
4
3
3
6
1
6
2
402
1
3
38
1
1
3
3
1
68
1
3
1
3
7
7
2
2
41
1
56
2
7
5
1
4
27
21
3
1
1
3
327
4
5
3
4
7
5
3
1
274
2
3
3
8
4
5
2
1
2533
1
11
2164
144
2
1
101
69
1
2
4
2
1
36
5
183
1
3
2
2
4
5
4
1
2
7
5
5
2
2
4
2958
3
3
1
4
3
10
1
6
70
6
5
206
7
1
15
7
37
2
835
2
14
334
6
195
53
2
4
1
1
1
3
5
5
63
4
10
1
1
5
2
2
8
7
6
6
1
139
3
2
2
3
1
3
6
18
2
1
6
3
10
3
5
2
7
3
12
10
1
3
387
1
4
11
61
2
14
1
7
9
10
4
1278
12
75
5
4
13
7
4
20
59
4
2
28
2
2
2
23
161
15
574
19
1
2
7
1
3
6
24
2
4
2
2
6
8
2
25
1
1
3
2
11
866
21
1
2
1
3
6
2
767
2
4
2
11
5
6
89
29
9
6
4
52
14
3
36
3
10
1
89
2
48
3
1
2300
3
76
4
1
4
3
2
528
3
1
7
7
16
4
4
31
2
2
906
1
1
1
3
254
364
8
4
10
15
20
171
1
1
1
40
4
2
83
1
1
186
13
2
2
1
59
2
5
35
1
2
12
8
2
18
13
12
2
14
7
3
49
18
7
4
4
21
784
8
8
15
1
1
3
4
11
277
1
24
12
12
5
4
10
32
7
1
3
2
1
44
3
3
2
30
5
23
4
74
3
5
4
1
37
1
59
2
5
1
2
698
8
2
18
2
319
2
15
2
1
2
13
1
8
9
3
4
8
1
2
6
2
58
89
3
6
6
23
267
1
18
3
41
11
2
70
6
4
4
1
11
2
2
2
7
4
5
6
1
3
3
7
11
2
9
9
2
1
2
1
2
2
3
10
2
5
1
5
1
1
152
4
10
124
1
2
2
62
1
2
2
4
4
5
10
2
6
18
