140
8
8
70
7
13
1
274
2
4
41
1
6
7
5
11
2
2
8
1
1
14
5
3
1
2
25
78
55
4
1
1
2
41
382
1
3
22
1
1
1
3
3
1
59
80
1
1
1
327
5
20
3
3
6
3
5
4
6
4
16
2
3
5
1
6
3
9
12
21
1
355
2
26
46
19
1
9
1
1
4
3
2
2
1
16
4
8
3
15
1
5
457
10
6
9
23
4
1
203
2
8
10
14
41
20
1
1
6
4
2
3
5
1
10
2
3
1
23
14
13
3
5
1
4
190
1
1
2
15
9
1018
5
3
6
17
13
6
6
2
7
1
28
1
2
3
5
183
3
3
5
4
153
5
3
562
1
7
7
2
4
2
3
8
18
1
34
2
4
255
2
13
5
8
2
1
5
7
2
8
2
6
2
6
1
1
2
3
1
2
75
9
700
17
7
10
1
2
13
7
4
2
1
4
2
49
6
4
1
2
2
1
1
39
4
5
1
3
7
4
1
6
3
293
3
9
3
3
1
15
2
22
105
4
11
153
3
1
2
3
2
8
2
1
2
3
5
9
3
15
4
3
390
3
4
8
2
3
7
5
1
1
4
5
1352
114
84
3
4
1
1
6
1
3
10
1
8
1
3
25
12
5
7
8
1
289
8
9
2
2
1
5
3
12
16
3
4
5
112
4
6
1
84
2
2
8
4
4
2641
347
185
1737
2
5
30
7
4
3
141
3
2
1
7
4
1
27
41
4
12
1557
4
42
2
2
33
3
3
2
6
16
61
1
1
2
2
4
29
3
6
10
3725
100
3
1
2
4
10
29
6
2
1
13
15
2
2
2
169
5
7
2
56
2
2
17
2
8
1
504
1
5
4
3
1
1
2
1
1914
15
1
2
6
5
4
5
20
2
4
48
5
3
1
16
4
8
1
3
7
5
3
5
5
5
29
5
13
2
4
4
2
1
5
2
5
2
1
10
2
36
8
1
2
6
2449
1
1
4
4
5
2
2
14
2
4
8
12
3
2
5
4
17
10
2
1
3
41
1
89
2
5
15
1
1
4
4
3
2182
15
6
4
2
4
2
4
1
44
1
5
9
5
4
2
3
2
1
3
6
3
2
7
419
4
3
1
3
16
4
1
10
1
1
