5
17
2
1
2
4
1
6
19
189
15
54
90
5
134
2
4
4
3
2
57
3
8
3
1
1
208
13
5
3
27
5
15
6
4
7
2
3
2
8
30
2
1
5
2
2
3
3
1
1
11
1
2
1
20
26
5
3
10
1
2
18
1
1
3
7
156
6
1390
9
81
8
2
12
2
2
65
1
3
6
2
3
1
655
1
12
3
2
9
41
81
3
13
2
2
377
154
1
5
34
6
5
3
5
1
3
96
5
2
5
1
3
13
1779
1
1
1
9
9
6
6
1
3
3
4
5
8
10
1
5
3
8
4
3
2
3
1
1
1
16
52
5
5
12
2
1
5
8
3
1
14
4
1
54
2
9
4
5
2
5
5
3
12
735
29
4
5
1
3
1
2
42
14
21
186
201
5
1
2
1
19
1
1
1
1
3
2
1160
2
10
3
5
1
3
68
8
6
3
1
4
1
76
1
59
5
35
7
9
1
2
13
1
162
3
6
3
8
3
19
1
3
1
1
1
7
2
1011
6
27
84
1
13
2
3
1
9
2
4
15
7
3
4
2
6
1
10
1
1
9
2
4
3
2
4
16
11
1
3
203
2
1
10
8
2
378
4
3
10
5
6
2
770
6
30
3
6
1
30
1
5
3
4
2
1
12
269
424
5
1
1
10
4
3
1
7
2
3
3
987
2
11
2
4
40
2
1
3
2
5
2
2
935
17
2
4
30
2
1
3
1
2
2
9
2
173
1
79
4
1
2
8
2
4
2
5
12
5
2
6
5
404
3
2
10
2
2
2
3
235
13
28
10
1
1
15
1
1
5
2
2
58
15
5
59
11
5
2
3
594
2
2
23
1
11
4
6
5
1
6
5
5
5
12
1
13
7
3
7
2
4
2
52
6
1
4
12
15
3
8
53
10
15
13
3
2
2
3
3
6
10
2
107
1
1
1
5
4
4
1
26
4
2
104
3
4
1
23
1
5
1
35
2
4
2
4
3
4
3
1
3
4
7
2
1
7
2
7
1
1
8
12
12
2
3
19
5
4
2
1
2
2
78
1
3
76
4
33
150
1
3
742
1033
11
1
5
1
636
7
4
4
192
1
17
106
1
6
7
27
1
17
5
3
5
22
3
1738
5
12
3
3
