2
3
2
6
3
1
6
148
8
1
3
1
4
2
2
1
2
25
3
6
3
1
15
14
2
507
7
1
916
2
2
4
28
2
447
146
18
4
17
4
22
14
1
8
9
1
5
4
6
4
1
4
1
2
2
2
1
4
1
2
4
3
97
2
7
358
3
2
2
4
9
3
2
2
15
3
1
2
2
5
30
2
3
27
2
3
18
3
3
1
24
82
3
20
1
4
1
5
2
9
17
42
1
1
90
1
647
7
2
4
1
5
217
2
2
52
91
5
4
12
1
2
16
1
2
3
22
4
13
11
71
2
29
33
3
4
2
6
1
10
21
3
10
32
1
3
3
1
1
25
1
3
4
364
4
6
1
1
3
38
4
4
4
5
2
15
6
2
2
1
3
4
3
6
4
2
4
5
1
6
5
3
5
4
5
3
3
2
5
232
3
6
2
4
4
5
22
21
1
4
8
8
3
156
5
157
4
1
5
20
4
5
1
5
107
1
2
2
2
43
26
1
3
8
34
5
5
2
2
2
1
1
2
20
55
3
70
5
7
1
2
3
7
3
8
7
4
1
1
3
2
4
2
1
13
14
6
4
169
1
6
12
10
1
3
6
3
1
4
7
2
4
74
1
1
1
1
5
21
226
44
9
2
1
18
1
14
5
3
51
10
3
227
6
55
11
23
1
2
4
45
2
677
3
5
5
4
2
3
3
4
2
2
9
7
2
5
8
1
10
1
23
10
1
4
5
2
2
4
3
1
19
122
2
7
7
2
3
5
3
6
1
211
2
4
16
4
1
15
301
3
4
5
189
9
3
34
7
17
142
4
7
105
35
1
6
1
3
1
1
84
3
3
35
20
2
4
21
21
1
4
1
4
27
3
1
8
3
4
3
12
10
38
6
3
1
5
1
3
5
3
2
5
4
2
2
15
2
1
3
2
2
28
4
3
3
1
5
2
1
2
2
4
3
4
3
1
15
4
2
16
5
1
12
4
5
6
2
2
1
2
4
65
6
28
4
5
2
7
259
8
52
3
4
2
4
1
6
19
14
10
86
47
137
317
3
7
15
20
1
2
2
5
12
6
2
2
6
2
2
1
2
1
5
4
1
14
2
5
1
4
6
3
1
2
2
4
2
17
46
