4
1
1
2
4
6
5
3
1
10
7
7
5
82
2
5
2
11
2
17
3
14
6
1
1
6
2
1
3
488
4
2
4
23
110
6
13
1
1
1
105
38
2
1
2
2
3
372
9
15
2
3
66
50
1
3
2
1
2
518
6
3
3
8
4
1
4
3
2
21
5
1
1
916
21
1
2
299
6
1
13
7
2
2
9
1135
3
6
1
2
10
5
1
1
3
2
4
3
4
4
3
3
3
19
2
5
4
61
4
1654
9
2
2
12
1
15
6
3
91
4
5
4
5
3
5
8
54
2
3
320
2
3
2
4
7
32
4
4
1
2
30
56
6
1
1
5
6
2
122
4
4
2
3
19
4
5
2
17
266
3
50
28
5
4
2
6
1
6
27
4
2
1
5
3
22
143
8
8
7
3
6
5
10
16
3
2
2
7
929
1
21
22
4
8
2
43
14
2
2
4
1
4
6
1
5
45
1
7
1
3
2
4
11
647
2
5
4
6
5
5
5
3
2
5
2
306
11
2
2
6
33
3
1
3
2
3
3
2
7
3
3
3
9
7
23
1660
1
32
22
2
5
3
1
6
80
1
3
5
1
3
2
134
3
49
2
1
7
216
4
11
1
5
2
2
2
10
5
1
14
1
1
4
2
11
9
2
20
3
2
3
3
2
1
2
1
27
8
1
40
3
2
1
1003
685
11
1
1
21
4
5
2
2
3
458
2
1
4
184
3
2
1
1
1
3
863
5
4
3
1
3
2
14
5
4
4
87
1
13
2
14
2
2
15
6
2
8
2
2
1
19
3
9
2
13
1
11
2
22
189
5
3
6
3
2
6
1
2
5
20
2
3
22
12
5
2
6
6
4
10
4
3
3
9
7
8
8
4
1
3
3
2
13
4
63
2
15
3
2
4
1
4
4
3
7
4
8
4
3
3
6
3
6
1
19
4
1
6
97
127
8
200
1
4
23
2
3
3
3
5
30
7
6
8
3
448
5
2
4
19
4
13
2035
61
13
3
41
2
4
3
4
4
3
2
22
39
64
3
8
10
5
2
2
83
7
2
1
3
1431
3
472
1
21
2
3
1
219
2
3
7
2
4
2
2
3
1
4
2
6
16
3
3
95
10
25
5
2
26
197
2
2
